5.983681116036363e-1010.78951172894924331.88711835543121324.662366451263925.65967000899308224.78053622280778625.15566111291038425.00196114664488831.26018453649738431.32040980913408427.689926984168931.24853975444033731.23876483994458727.77224962754510831.2350426713930431.27650181948338627.7757440101717831.3332785501378331.18859029461191727.74267458627121431.26577711516958831.32766179930537527.76342562866958431.1913735405666731.25412816691505227.8214356783719631.2229517471377327.79543933359399331.23969552069833731.02594184352045727.91252844954946631.35670337392812731.21830388376974227.8487749817409231.21388969510243831.2494710177320827.71188075637247631.16634219560403831.18650318608680327.90565723904379831.31199235547061531.22202206374964827.63155328932632331.2587867044268931.38979194731327727.6475815063346231.30474761723502327.85136391404818231.27790123640919331.18719885789066727.7056569873437831.47152086319059431.23550789395293527.61718014393605431.1964774485302931.47246546458666227.78163127425914431.25971857858335331.24830694728999727.86283497415866331.20808345362282331.1936932916852627.8037307595423431.33468305255687331.08734064630892427.83657649526135531.04523215620674727.92869841988560331.26904037693087431.05005848299551427.5439101111789731.7716605814534831.2984404148944127.78660059491079831.2989075279087830.95472995911378827.81405588933540331.3754684659749731.30474761723502327.5679882216847231.29750623069231731.528060495813127.73111888343063631.29143539242017331.1969415229906427.7456109016339231.07122009037706427.8639455782312931.34170745376424331.21574814869943627.80096640131504831.0871102348781931.3686635255403527.6785978249392931.26391269995080431.31994205409280227.90937098673835231.21528351455342331.2020472534666427.78089522976857531.2879340569169431.32391841733818427.57578188177592431.2052972249088631.5017762589657927.75423992377070431.25040233653215827.55169016119920831.4458022821670131.31970818181139327.83029659611173731.19903002893548631.08503668568887727.9225627779405131.2872338838413231.2217896515531627.74781354609084631.0675377390634531.3255560368649827.73882161540140231.30521491853322431.33749243516657427.75277077502299531.30521491853322427.6707459476576570
10
37
25
24
25
24
25
27
31
31
27
31
27
31
31
27
31
31
27
31
31
27
31
31
27
31
31
27
31
27
31
31
27
31
31
27
30
31
27
31
31
27
31
31
27
30
31
27
31
27
31
31
27
31
31
27
31
31
27
31
30
27
31
31
27
31
31
27
31
27
31
31
27
31
31
27
31
31
27
31
