101
18
10
104
93
7
60
93
107
113
127
110
131
116
104
98
99
103
94
105
101
97
101
97
102
101
96
92
111
98
102
96
102
100
99
100
98
100
96
104
101
96
102
95
105
98
99
101
101
97
103
96
102
97
101
100
99
101
101
99
98
98
102
97
101
100
98
101
98
100
100
98
101
99
99
101
98
99
102
99
100
95
101
98
104
100
98
101
98
101
100
97
100
101
95
104
96
104
99
98
102
97
100
96
104
100
98
101
99
102
100
96
100
100
68
128
126
104
94
104
102
95
101
98
101
101
99
100
101
99
101
96
102
96
103
99
97
102
97
102
102
96
99
102
99
100
98
100
100
101
100
96
101
100
99
100
88
112
100
102
99
98
100
97
103
101
96
102
97
100
103
97
100
100
100
99
97
100
102
98
99
98
100
100
101
98
98
100
100
101
99
97
103
93
106
102
97
101
98
102
95
